[[[[ 0.33333333  0.09090909  0.33333333  0.5         0.0952381   0.46666667
     0.3         0.33333333  0.30555556  0.33333333  0.42857143  0.06666667
     0.66666667  0.42307692  0.55555556  0.44444444  0.23809524  0.44444444
     0.42857143  0.37878788  0.46666667  0.14285714  1.          0.
     0.33333333]
   [ 0.8         0.71212121  0.66666667  0.75757576  0.76190476  0.8         0.7
     0.62222222  0.75        0.66666667  0.78571429  0.8         0.83333333
     0.75641026  0.72222222  0.69444444  0.66666667  0.77777778  0.53571429
     0.68181818  0.86666667  0.9047619   0.          1.          1.        ]]

  [[ 0.33333333  0.09090909  0.66666667  0.40909091  0.0952381   0.66666667
     0.8         0.33333333  0.30555556  0.46666667  0.42857143  0.26666667
     0.33333333  0.5         0.36111111  0.61111111  0.47619048  0.2
     0.53571429  0.40909091  0.62222222  0.23809524  0.          0.          0.5       ]
   [ 0.8         0.78787879  0.73333333  0.75757576  0.80952381  0.8         0.8
     0.71111111  0.69444444  0.73333333  0.75        0.66666667  1.
     0.73076923  0.77777778  0.66666667  0.71428571  0.75555556  0.53571429
     0.63636364  0.75555556  0.85714286  1.          1.          1.        ]]

  [[ 0.33333333  0.51515152  0.73333333  0.62121212  0.66666667  0.6         0.5
     0.48888889  0.36111111  0.33333333  0.67857143  0.66666667  0.66666667
     0.66666667  0.69444444  0.66666667  0.57142857  0.62222222  0.42857143
     0.66666667  0.48888889  0.47619048  0.          0.          0.66666667]
   [ 0.66666667  0.81818182  0.66666667  0.75757576  0.80952381  0.6         0.8
     0.71111111  0.66666667  0.46666667  0.75        0.8         1.
     0.76923077  0.69444444  0.83333333  0.71428571  0.8         0.57142857
     0.66666667  0.73333333  0.66666667  0.          1.          1.        ]]]


 [[[ 0.          0.          0.          0.          0.          0.14285714
     0.          0.          0.          0.          0.          0.          0.
     0.          0.          0.00826446  0.          0.03100775  0.          0.
     0.          0.          0.          0.          0.        ]
   [ 0.          0.          0.          0.27868852  0.          0.          0.
     0.          0.28318584  0.          0.2         0.          0.          0.
     0.          0.1         0.          0.07407407  0.          0.00858369
     0.42553191  0.46153846  0.          1.          1.        ]]

  [[ 0.          0.          0.07407407  0.00464037  0.          0.
     0.41176471  0.          0.          0.          0.          0.          0.
     0.          0.04608295  0.          0.          0.          0.          0.
     0.          0.          0.          0.          0.        ]
   [ 0.          0.01282051  0.          0.27868852  0.          0.
     0.41176471  0.20408163  0.06603774  0.18918919  0.125       0.          1.
     0.          0.20441989  0.          0.          0.03508772  0.          0.
     0.01197605  0.32258065  0.          1.          1.        ]]

  [[ 0.          0.0974359   0.41176471  0.          0.          0.          0.
     0.          0.          0.          0.          0.          0.          0.
     0.          0.          0.          0.08602151  0.          0.01626016
     0.12510566  0.          0.          0.          0.33333333]
   [ 0.          0.04347826  0.          0.20481928  0.          0.0625
     0.41176471  0.20408163  0.01369863  0.          0.125       0.          1.
     0.05898123  0.          0.40331492  0.          0.21052632  0.04        0.
     0.          0.03921569  0.          1.          1.        ]]]]